- model.dropout=0.42289192439934825
- model.kernel_size=3
- optimizer.lr=0.00041717957389967865
- training.batch_size=64
