- model.dropout=0.37112128213272266
- model.kernel_size=3
- optimizer.lr=0.004516027594792709
- training.batch_size=16
